316.000000
211.000000
600.000000
133.000000
44.000000
49.000000
44.000000
38.000000
46.000000
39.000000
34.000000
38.000000
29.000000
32.000000
32.000000
26.000000
19.000000
31.000000
31.000000
93.000000
25.000000
24.000000
16.000000
17.000000
46.000000
27.000000
28.000000
22.000000
24.000000
19.000000
29.000000
19.000000
20.000000
14.000000
15.000000
17.000000
19.000000
18.000000
16.000000
20.000000
16.000000
21.000000
16.000000
14.000000
25.000000
21.000000
18.000000
15.000000
14.000000
17.000000
