29.366667
34.033333
22.100000
21.033333
18.266667
17.566667
18.200000
16.733333
16.466667
16.900000
16.900000
16.900000
16.866667
17.000000
15.766667
16.533333
15.800000
17.400000
17.333333
16.233333
17.200000
16.233333
19.033333
16.333333
16.766667
16.033333
16.100000
17.433333
16.700000
16.633333
16.233333
17.033333
16.266667
15.866667
16.566667
16.333333
17.233333
16.433333
16.133333
16.300000
16.200000
15.866667
16.100000
16.200000
15.866667
16.166667
16.700000
15.933333
16.266667
16.900000
